1928374638172
Doritos
45
1
2
2023
15.75
17.75
12
s
1263748957364
Cheetos
45
1
2
2023
14.75
16.00
8
s
1728390049372
Pan Bimbo
375
1
2
2023
40.90
47.90
18
s
1829384958345
Ketchup
200
2
2
2023
15.65
20.65
12
s
1926637774855
Coca Cola
375
3
2
2023
15.5
17.5
30
s
1234567890123
Chocolate
30
1
30
2023
12.54
15.00
3
s
1234567890124
Galletas
120
1
30
2023
16.5
20.00
10
s
1234567890125
Nito
120
1
30
2023
11.4
13.00
20
s
1234567890126
Pinguinos
95
1
30
2023
17.5
22.00
30
